





[[[ 6.76702647  4.02015063  4.59717747 ...  3.94801505  2.41398349
    4.36657282]
  [10.44134986  3.97893066  3.53216021 ...  2.27081049  5.60367814
    3.12437475]
  [12.47660429  3.92375188  3.2701304  ...  3.38161305  6.18194218
    3.91002578]
  ...
  [10.39102385  5.44802942  5.34964684 ...  4.0829753   5.66501526
    4.29707829]
  [ 9.46541535  3.48117005  6.86916162 ...  3.87531958  5.01968844
    3.69130367]
  [ 4.96219206  1.8125912   3.42300048 ...  2.41193507  1.34128999
    2.54705148]]]
[[[nan nan nan ... nan nan nan]
  [nan nan nan ... nan nan nan]
  [nan nan nan ... nan nan nan]
  ...
  [nan nan nan ... nan nan nan]
  [nan nan nan ... nan nan nan]
  [nan nan nan ... nan nan nan]]]